[gd_scene load_steps=29 format=3 uid="uid://q3c281rkgxp8"]

[ext_resource type="Material" uid="uid://dvqfaymvknra8" path="res://Default_Building_Matl.tres" id="1_ex4vp"]
[ext_resource type="Material" uid="uid://b6qmjmj78c5dy" path="res://Models/ModelTextures/PavingStones115b/Stones.tres" id="1_hq2al"]
[ext_resource type="PackedScene" uid="uid://bqpxix1bulvpn" path="res://Models/LevelGeo/Mansion_Fascia.blend" id="2_6bgwg"]
[ext_resource type="PackedScene" uid="uid://u5viqeomp0x6" path="res://Player/player.tscn" id="3_g4t3k"]
[ext_resource type="PackedScene" uid="uid://bvnv13v4mej18" path="res://Mobs/sheperd.tscn" id="4_oe4ec"]
[ext_resource type="PackedScene" uid="uid://dx0xogjeaiyft" path="res://Interactables/grapple_point.tscn" id="6_3wlf8"]
[ext_resource type="PackedScene" uid="uid://cyxf2gekxesn" path="res://Objects/tree_dead2.tscn" id="7_5nl0r"]
[ext_resource type="PackedScene" uid="uid://bacnrrgvnaw17" path="res://Mobs/gooberv2.tscn" id="7_ft7tv"]
[ext_resource type="PackedScene" uid="uid://can22mexlkb7o" path="res://Models/3rdParty/low_poly_fence_1.tscn" id="8_hrd6m"]
[ext_resource type="Texture2D" uid="uid://bevjfhjsa4f1o" path="res://Models/3rdParty/Texture/grass_3.png" id="8_m30un"]
[ext_resource type="PackedScene" uid="uid://cj5ojpnogh5e" path="res://Interactables/tome.tscn" id="8_xte7d"]
[ext_resource type="PackedScene" uid="uid://8vr0iq6ffsdy" path="res://Interactables/soul_jar.tscn" id="9_ft7tv"]
[ext_resource type="PackedScene" uid="uid://ddk5y86eu52yi" path="res://Interactables/turn_in.tscn" id="10_hq2al"]
[ext_resource type="PackedScene" uid="uid://c351wr7wmi3jf" path="res://Interactables/siphon.tscn" id="11_fhv2o"]
[ext_resource type="PackedScene" uid="uid://tfis4vs87q2l" path="res://Objects/crate_1.tscn" id="12_gqgse"]
[ext_resource type="PackedScene" uid="uid://bqum11d2n7srs" path="res://Objects/grave_4.tscn" id="15_ft7tv"]
[ext_resource type="PackedScene" uid="uid://qtdgddj5xfe" path="res://Objects/tree_dead.tscn" id="16_54oe3"]
[ext_resource type="PackedScene" uid="uid://bkrp508kgf10h" path="res://Objects/tree_stump.tscn" id="16_edwvo"]
[ext_resource type="PackedScene" uid="uid://beljv40jfakv5" path="res://Interactables/escape_trigger.tscn" id="18_7uxqv"]
[ext_resource type="PackedScene" uid="uid://cvlftbqgfoxll" path="res://Objects/tree_decorated.tscn" id="19_a4g50"]
[ext_resource type="PackedScene" uid="uid://k02avwjhdmig" path="res://Objects/foyer_stairs.tscn" id="21_ex4vp"]
[ext_resource type="PackedScene" uid="uid://yo627qtvtoqc" path="res://Models/LevelGeo/Stairs_Straight.glb" id="22_vrtjd"]

[sub_resource type="ProceduralSkyMaterial" id="ProceduralSkyMaterial_o0l0h"]
ground_horizon_color = Color(0.66224277, 0.6717428, 0.6867428, 1)

[sub_resource type="Sky" id="Sky_g4t3k"]
sky_material = SubResource("ProceduralSkyMaterial_o0l0h")

[sub_resource type="Environment" id="Environment_oe4ec"]
background_mode = 2
background_energy_multiplier = 0.6
sky = SubResource("Sky_g4t3k")
tonemap_mode = 2
glow_enabled = true
volumetric_fog_enabled = true
volumetric_fog_albedo = Color(0.29480127, 0.42817196, 0.25400463, 1)

[sub_resource type="StandardMaterial3D" id="StandardMaterial3D_vrtjd"]
albedo_color = Color(0.35230318, 0.20864683, 0.16100067, 1)

[sub_resource type="StandardMaterial3D" id="StandardMaterial3D_hq2al"]
albedo_color = Color(0.20843038, 0.42323008, 0.23011476, 1)
albedo_texture = ExtResource("8_m30un")
uv1_scale = Vector3(100, 100, 100)

[sub_resource type="StandardMaterial3D" id="StandardMaterial3D_6bgwg"]
albedo_texture = ExtResource("8_m30un")

[node name="SpookyHouse" type="Node3D"]

[node name="WorldEnvironment" type="WorldEnvironment" parent="."]
environment = SubResource("Environment_oe4ec")

[node name="CSGCombiner3D" type="CSGCombiner3D" parent="."]
use_collision = true

[node name="Box_Firstfloor_Front" type="CSGBox3D" parent="CSGCombiner3D"]
transform = Transform3D(1, 0, 0, 0, 1, 0, 0, 0, 1, 0.10000038, 2, 0.10000038)
size = Vector3(16.2, 5, 50)
material = SubResource("StandardMaterial3D_vrtjd")

[node name="OmniLight3D" type="OmniLight3D" parent="CSGCombiner3D/Box_Firstfloor_Front"]
transform = Transform3D(1, 0, 0, 0, 1, 0, 0, 0, 1, -10.925802, 1.5221114, 0)
light_color = Color(1, 1, 0.8745098, 1)
light_energy = 5.513
omni_range = 5.87
omni_attenuation = 1.375

[node name="OmniLight3D2" type="OmniLight3D" parent="CSGCombiner3D/Box_Firstfloor_Front"]
transform = Transform3D(1, 0, 0, 0, 1, 0, 0, 0, 1, -10, 1.7307901, 10.472902)
light_color = Color(1, 1, 0.8745098, 1)
shadow_enabled = true

[node name="OmniLight3D3" type="OmniLight3D" parent="CSGCombiner3D/Box_Firstfloor_Front"]
transform = Transform3D(1, 0, 0, 0, 1, 0, 0, 0, 1, -10, 1.7307901, -10.270941)
light_color = Color(1, 1, 0.8745098, 1)
shadow_enabled = true

[node name="Box_Basement_Front" type="CSGBox3D" parent="CSGCombiner3D"]
transform = Transform3D(1, 0, 0, 0, 1, 0, 0, 0, 1, 0.10000038, -3, 0.10000038)
size = Vector3(16.2, 5, 50)

[node name="Cut_FrontDoor" type="CSGBox3D" parent="CSGCombiner3D"]
transform = Transform3D(1, 0, 0, 0, 1, 0, 0, 0, 1, -7.678, 1.5, 0)
operation = 2
size = Vector3(1, 3, 3.0820313)

[node name="Box_Firstfloor2" type="CSGBox3D" parent="CSGCombiner3D"]
transform = Transform3D(1, 0, 0, 0, 1, 0, 0, 0, 1, 16.07406, 2, 0.10000038)
size = Vector3(16.2, 5, 50)

[node name="Box_Firstfloor6" type="CSGBox3D" parent="CSGCombiner3D"]
transform = Transform3D(1, 0, 0, 0, 1, 0, 0, 0, 1, 16.07406, -3, 0.10000038)
size = Vector3(16.2, 5, 50)

[node name="CSGBox3D2" type="CSGBox3D" parent="CSGCombiner3D"]
transform = Transform3D(1, 0, 0, 0, 1, 0, 0, 0, 1, 8.296061, 1.5, 0)
operation = 2
size = Vector3(1, 3, 2)

[node name="CSGBox3D6" type="CSGBox3D" parent="CSGCombiner3D"]
transform = Transform3D(-4.371139e-08, 0, -1, 0, 1, 0, 1, 0, -4.371139e-08, -4.1086903, 1.5, 10.163095)
operation = 2
size = Vector3(1, 3, 2)

[node name="CSGBox3D9" type="CSGBox3D" parent="CSGCombiner3D"]
transform = Transform3D(-4.371139e-08, 0, -1, 0, 1, 0, 1, 0, -4.371139e-08, 5.608305, 1.5, 10.163095)
operation = 2
size = Vector3(1, 3, 2)

[node name="CSGBox3D7" type="CSGBox3D" parent="CSGCombiner3D"]
transform = Transform3D(-4.371139e-08, 0, -1, 0, 1, 0, 1, 0, -4.371139e-08, -4.1086903, 1.5, -9.948639)
operation = 2
size = Vector3(1, 3, 2)

[node name="CSGBox3D10" type="CSGBox3D" parent="CSGCombiner3D"]
transform = Transform3D(-1, 0, 8.742278e-08, 0, 1, 0, -8.742278e-08, 0, -1, 14.850102, 1.5, -16.759193)
operation = 2
size = Vector3(1, 3, 2)

[node name="CSGBox3D8" type="CSGBox3D" parent="CSGCombiner3D"]
transform = Transform3D(-4.371139e-08, 0, -1, 0, 1, 0, 1, 0, -4.371139e-08, 12.791083, 1.5, -9.948639)
operation = 2
size = Vector3(1, 3, 2)

[node name="CSGBox3D11" type="CSGBox3D" parent="CSGCombiner3D"]
transform = Transform3D(-4.371139e-08, 0, -1, 0, 1, 0, 1, 0, -4.371139e-08, 12.791083, 1.5, 10.113693)
operation = 2
size = Vector3(1, 3, 2)

[node name="CSGBox3D12" type="CSGBox3D" parent="CSGCombiner3D"]
transform = Transform3D(1, 0, 0, 0, 1, 0, 0, 0, 1, 22.872492, 1.5, 16.435741)
operation = 2
size = Vector3(1, 3, 2)

[node name="Cut_1F_Foyer" type="CSGBox3D" parent="CSGCombiner3D"]
transform = Transform3D(1, 0, 0, 0, 1, 0, 0, 0, 1, 0.099999905, 2.25, 0.09999943)
operation = 2
size = Vector3(15.8, 4.5, 19.800001)
material = ExtResource("1_ex4vp")

[node name="Cut_Firstfloor14" type="CSGBox3D" parent="CSGCombiner3D"]
transform = Transform3D(1, 0, 0, 0, 1, 0, 0, 0, 1, 0.099999905, -2.75, 0.09999943)
operation = 2
size = Vector3(15.8, 4.5, 19.800001)
material = ExtResource("1_ex4vp")

[node name="Cut_Firstfloor3" type="CSGBox3D" parent="CSGCombiner3D"]
transform = Transform3D(1, 0, 0, 0, 1, 0, 0, 0, 1, 3.4358885, 2.25, -17.345936)
operation = 2
size = Vector3(22.471777, 4.5, 14.215919)
material = ExtResource("1_ex4vp")

[node name="SpotLight3D" type="SpotLight3D" parent="CSGCombiner3D/Cut_Firstfloor3"]
transform = Transform3D(1, 0, 0, 0, -4.371139e-08, 1, 0, -1, -4.371139e-08, -5.2264633, 1.5966551, 0)
light_color = Color(1, 1, 0.85490197, 1)
spot_range = 9.929
spot_angle = 67.5

[node name="SpotLight3D2" type="SpotLight3D" parent="CSGCombiner3D/Cut_Firstfloor3"]
transform = Transform3D(1, 0, 0, 0, -4.371139e-08, 1, 0, -1, -4.371139e-08, 5.455923, 1.5966551, 0)
light_color = Color(1, 1, 0.85490197, 1)
spot_range = 9.929
spot_angle = 67.5

[node name="Cut_Firstfloor13" type="CSGBox3D" parent="CSGCombiner3D"]
transform = Transform3D(1, 0, 0, 0, 1, 0, 0, 0, 1, 3.4358885, -2.75, -17.345936)
operation = 2
size = Vector3(22.471777, 4.5, 14.215919)
material = ExtResource("1_ex4vp")

[node name="SpotLight3D" type="SpotLight3D" parent="CSGCombiner3D/Cut_Firstfloor13"]
transform = Transform3D(1, 0, 0, 0, -4.371139e-08, 1, 0, -1, -4.371139e-08, -5.2264633, 1.5966551, 0)
light_color = Color(1, 1, 0.85490197, 1)
spot_range = 9.929
spot_angle = 67.5

[node name="SpotLight3D2" type="SpotLight3D" parent="CSGCombiner3D/Cut_Firstfloor13"]
transform = Transform3D(1, 0, 0, 0, -4.371139e-08, 1, 0, -1, -4.371139e-08, 5.455923, 1.5966551, 0)
light_color = Color(1, 1, 0.85490197, 1)
spot_range = 9.929
spot_angle = 67.5

[node name="OmniLight3D" type="OmniLight3D" parent="CSGCombiner3D/Cut_Firstfloor13"]
transform = Transform3D(1, 0, 0, 0, 1, 0, 0, 0, 1, -1.3769827, 0, -8.137969)
shadow_enabled = true
omni_range = 8.364
omni_attenuation = 2.856

[node name="OmniLight3D2" type="OmniLight3D" parent="CSGCombiner3D/Cut_Firstfloor13"]
transform = Transform3D(1, 0, 0, 0, 1, 0, 0, 0, 1, -1.3769827, 0, 8.811822)
shadow_enabled = true
omni_range = 8.364
omni_attenuation = 2.856

[node name="Cut_Firstfloor2" type="CSGBox3D" parent="CSGCombiner3D"]
transform = Transform3D(1, 0, 0, 0, 1, 0, 0, 0, 1, -4.5543456, -2.75, 17.619724)
operation = 2
size = Vector3(6.4913087, 4.5, 14.3842535)
material = ExtResource("1_ex4vp")

[node name="Cut_1F_Coatroom" type="CSGBox3D" parent="CSGCombiner3D"]
transform = Transform3D(1, 0, 0, 0, 1, 0, 0, 0, 1, -4.5543456, 2.25, 17.619724)
operation = 2
size = Vector3(6.4913087, 4.5, 14.3842535)
material = ExtResource("1_ex4vp")

[node name="Cut_Firstfloor4" type="CSGBox3D" parent="CSGCombiner3D"]
transform = Transform3D(1, 0, 0, 0, 1, 0, 0, 0, 1, 16.07406, 2.25, 0.09999943)
operation = 2
size = Vector3(15.8, 4.5, 19.800001)
material = ExtResource("1_ex4vp")

[node name="OmniLight3D" type="OmniLight3D" parent="CSGCombiner3D/Cut_Firstfloor4"]
transform = Transform3D(1, 0, 0, 0, 1, 0, 0, 0, 1, -1.3769827, 0, -8.137969)
shadow_enabled = true
omni_range = 8.364
omni_attenuation = 2.856

[node name="OmniLight3D2" type="OmniLight3D" parent="CSGCombiner3D/Cut_Firstfloor4"]
transform = Transform3D(1, 0, 0, 0, 1, 0, 0, 0, 1, -1.3769827, 0, 8.811822)
shadow_enabled = true
omni_range = 8.364
omni_attenuation = 2.856

[node name="Cut_Firstfloor5" type="CSGBox3D" parent="CSGCombiner3D"]
transform = Transform3D(1, 0, 0, 0, 1, 0, 0, 0, 1, 19.47184, 2.25, -17.345936)
operation = 2
size = Vector3(9.004443, 4.5, 14.215919)
material = ExtResource("1_ex4vp")

[node name="Cut_Firstfloor6" type="CSGBox3D" parent="CSGCombiner3D"]
transform = Transform3D(1, 0, 0, 0, 1, 0, 0, 0, 1, 11.004749, 2.25, 17.619724)
operation = 2
size = Vector3(23.49712, 4.5, 14.3842535)
material = ExtResource("1_ex4vp")

[node name="OmniLight3D" type="SpotLight3D" parent="CSGCombiner3D/Cut_Firstfloor6"]
transform = Transform3D(1, 0, 0, 0, -4.371139e-08, 1, 0, -1, -4.371139e-08, -5.290946, 1, 0)
light_color = Color(1, 1, 0.85490197, 1)
spot_range = 10.342
spot_angle = 71.21

[node name="OmniLight3D2" type="SpotLight3D" parent="CSGCombiner3D/Cut_Firstfloor6"]
transform = Transform3D(1, 0, 0, 0, -4.371139e-08, 1, 0, -1, -4.371139e-08, 5.9528522, 1, 0)
light_color = Color(1, 1, 0.85490197, 1)
spot_range = 10.342
spot_angle = 71.21

[node name="Cut_Firstfloor15" type="CSGBox3D" parent="CSGCombiner3D"]
transform = Transform3D(1, 0, 0, 0, 1, 0, 0, 0, 1, 11.004749, -2.75, 17.619724)
operation = 2
size = Vector3(23.49712, 4.5, 14.3842535)
material = ExtResource("1_ex4vp")

[node name="OmniLight3D" type="SpotLight3D" parent="CSGCombiner3D/Cut_Firstfloor15"]
transform = Transform3D(1, 0, 0, 0, -4.371139e-08, 1, 0, -1, -4.371139e-08, -5.290946, 1, 0)
light_color = Color(1, 1, 0.85490197, 1)
spot_range = 10.342
spot_angle = 71.21

[node name="OmniLight3D2" type="SpotLight3D" parent="CSGCombiner3D/Cut_Firstfloor15"]
transform = Transform3D(1, 0, 0, 0, -4.371139e-08, 1, 0, -1, -4.371139e-08, 5.9528522, 1, 0)
light_color = Color(1, 1, 0.85490197, 1)
spot_range = 10.342
spot_angle = 71.21

[node name="Poly_1F_Ballroom" type="CSGPolygon3D" parent="CSGCombiner3D"]
transform = Transform3D(1, 0, 0, 0, -4.371139e-08, -1, 0, 1, -4.371139e-08, 15.9, -0.5, 0)
polygon = PackedVector2Array(8, -25, 8, 25, 16, 25, 25, 16, 25, -16, 16, -25)
depth = 5.0
material = ExtResource("1_ex4vp")

[node name="Poly_Basement_Rear" type="CSGPolygon3D" parent="CSGCombiner3D"]
transform = Transform3D(1, 0, 0, 0, -4.371139e-08, -1, 0, 1, -4.371139e-08, 15.9, -5.5, 0)
polygon = PackedVector2Array(8, -25, 8, 25, 16, 25, 25, 16, 25, -16, 16, -25)
depth = 5.0
material = ExtResource("1_ex4vp")

[node name="Cut_1F_Ballroom" type="CSGPolygon3D" parent="CSGCombiner3D"]
transform = Transform3D(1, 0, 0, 0, -4.371139e-08, -1, 0, 1, -4.371139e-08, 14.9, 0, 0)
operation = 2
polygon = PackedVector2Array(8.228909, -24.698772, 8.2591305, 24.777733, 15.959835, 24.754326, 24.774546, 15.864185, 24.71797, -15.90199, 15.906208, -24.628553)
depth = 5.0
material = ExtResource("1_ex4vp")

[node name="Box_2F_Front" type="CSGBox3D" parent="CSGCombiner3D"]
transform = Transform3D(1, 0, 0, 0, 1, 0, 0, 0, 1, 0.10000038, 6.9937096, 0.10000038)
size = Vector3(16.2, 5, 50)

[node name="Box_3F_Front" type="CSGBox3D" parent="CSGCombiner3D"]
transform = Transform3D(1, 0, 0, 0, 1, 0, 0, 0, 1, 0.10000038, 11.99371, 0.10000038)
size = Vector3(16.2, 5, 50)

[node name="Box_2F_Mid" type="CSGBox3D" parent="CSGCombiner3D"]
transform = Transform3D(1, 0, 0, 0, 1, 0, 0, 0, 1, 16.07406, 6.9937096, 0.10000038)
material_override = ExtResource("1_hq2al")
size = Vector3(16.2, 5, 50)

[node name="Box_3F_Mid" type="CSGBox3D" parent="CSGCombiner3D"]
transform = Transform3D(1, 0, 0, 0, 1, 0, 0, 0, 1, 16.07406, 11.99371, 0.10000038)
size = Vector3(16.2, 5, 50)

[node name="Cut_FrontDoor2" type="CSGBox3D" parent="CSGCombiner3D"]
transform = Transform3D(1, 0, 0, 0, 1, 0, 0, 0, 1, -7.678, 6.289066, -14.423218)
operation = 2
size = Vector3(1, 2.5551758, 3.0820313)
material = ExtResource("1_ex4vp")

[node name="Cut_FrontDoor3" type="CSGBox3D" parent="CSGCombiner3D"]
transform = Transform3D(1, 0, 0, 0, 1, 0, 0, 0, 1, -7.678, 6.289, 14.423)
operation = 2
size = Vector3(1, 2.5551758, 3.0820313)
material = ExtResource("1_ex4vp")

[node name="Cut_Door" type="CSGBox3D" parent="CSGCombiner3D"]
transform = Transform3D(1, 0, 0, 0, 1, 0, 0, 0, 1, 8.296061, 6.4937096, -5.244817)
operation = 2
size = Vector3(1, 3, 2)
material = ExtResource("1_ex4vp")

[node name="Cut_Door6" type="CSGBox3D" parent="CSGCombiner3D"]
transform = Transform3D(-4.371139e-08, 0, 1, 0, 1, 0, -1, 0, -4.371139e-08, 5.9676895, 6.4937096, -9.877304)
operation = 2
size = Vector3(1, 3, 2)
material = ExtResource("1_ex4vp")

[node name="Cut_Door2" type="CSGBox3D" parent="CSGCombiner3D"]
transform = Transform3D(1, 0, 0, 0, 1, 0, 0, 0, 1, 8.296061, 6.4937096, 4.876442)
operation = 2
size = Vector3(1, 3, 2)
material = ExtResource("1_ex4vp")

[node name="Cut_2F_Foyer" type="CSGBox3D" parent="CSGCombiner3D"]
transform = Transform3D(1, 0, 0, 0, 1, 0, 0, 0, 1, 0.099999905, 6.8352623, 0.09999943)
operation = 2
size = Vector3(15.8, 5.3168945, 19.800001)
material = ExtResource("1_ex4vp")

[node name="Cut_2F_WestRoom" type="CSGBox3D" parent="CSGCombiner3D"]
transform = Transform3D(1, 0, 0, 0, 1, 0, 0, 0, 1, 3.4358885, 7.2437096, -17.345936)
operation = 2
size = Vector3(22.471777, 4.5, 14.215919)
material = ExtResource("1_ex4vp")

[node name="Cut_2F_WestRoom2" type="CSGBox3D" parent="CSGCombiner3D"]
transform = Transform3D(1, 0, 0, 0, 1, 0, 0, 0, 1, 3.4358885, 12.090633, -17.345936)
operation = 2
size = Vector3(22.471777, 4.1938477, 14.215919)
material = ExtResource("1_ex4vp")

[node name="Cut_2F_Eastroom" type="CSGBox3D" parent="CSGCombiner3D"]
transform = Transform3D(1, 0, 0, 0, 1, 0, 0, 0, 1, -4.5543456, 7.2437096, 17.619724)
operation = 2
size = Vector3(6.4913087, 4.5, 14.3842535)
material = ExtResource("1_ex4vp")

[node name="Cut_2F_CoreRoom" type="CSGBox3D" parent="CSGCombiner3D"]
transform = Transform3D(1, 0, 0, 0, 1, 0, 0, 0, 1, 16.07406, 7.2437096, 0.09999943)
operation = 2
size = Vector3(15.8, 4.5, 19.800001)
material = ExtResource("1_ex4vp")

[node name="Cut_2F_MidWestRoom" type="CSGBox3D" parent="CSGCombiner3D"]
transform = Transform3D(1, 0, 0, 0, 1, 0, 0, 0, 1, 19.47184, 7.2437096, -17.345936)
operation = 2
size = Vector3(9.004443, 4.5, 14.215919)
material = ExtResource("1_ex4vp")

[node name="Cut_2F_MidWestRoom3" type="CSGBox3D" parent="CSGCombiner3D"]
transform = Transform3D(1, 0, 0, 0, 1, 0, 0, 0, 1, 20.562305, 7.817501, -23.214857)
operation = 2
size = Vector3(6.8235106, 5.647583, 2.4780765)
material = ExtResource("1_ex4vp")

[node name="Cut_2F_MidWestRoom2" type="CSGBox3D" parent="CSGCombiner3D"]
transform = Transform3D(1, 0, 0, 0, 1, 0, 0, 0, 1, 19.47184, 12.157528, -17.345936)
operation = 2
size = Vector3(9.004443, 4.3276367, 14.215919)
material = ExtResource("1_ex4vp")

[node name="Cut_2F_MidEastRoom" type="CSGBox3D" parent="CSGCombiner3D"]
transform = Transform3D(1, 0, 0, 0, 1, 0, 0, 0, 1, 11.004749, 7.2437096, 17.619724)
operation = 2
size = Vector3(23.49712, 4.5, 14.3842535)
material = ExtResource("1_ex4vp")

[node name="Cut_2F_MidEastRoom2" type="CSGBox3D" parent="CSGCombiner3D"]
transform = Transform3D(1, 0, 0, 0, 1, 0, 0, 0, 1, 11.004749, 12.156368, 17.619724)
operation = 2
size = Vector3(23.49712, 4.3253174, 14.3842535)
material = ExtResource("1_ex4vp")

[node name="Cut_2F_MidEastRoom3" type="CSGBox3D" parent="CSGCombiner3D"]
transform = Transform3D(1, 0, 0, 0, 1, 0, 0, 0, 1, 16.102417, 12.102596, 0.12914848)
operation = 2
size = Vector3(13.301783, 4.2177734, 20.24664)
material = ExtResource("1_ex4vp")

[node name="Poly_2F_Ballroom" type="CSGPolygon3D" parent="CSGCombiner3D"]
transform = Transform3D(1, 0, 0, 0, -4.371139e-08, -1, 0, 1, -4.371139e-08, 15.9, 4.4937096, 0)
polygon = PackedVector2Array(8, -25, 8, 25, 16, 25, 25, 16, 25, -16, 16, -25)
depth = 5.0
material = ExtResource("1_ex4vp")

[node name="Cut_Firstfloor16" type="CSGBox3D" parent="CSGCombiner3D"]
transform = Transform3D(1, 0, 0, 0, 1, 0, 0, 0, 1, 16.07406, 7.25, 0.09999943)
operation = 2
size = Vector3(15.8, 4.5, 19.800001)
material = ExtResource("1_ex4vp")

[node name="SpotLight3D" type="SpotLight3D" parent="CSGCombiner3D/Cut_Firstfloor16"]
transform = Transform3D(1, 0, 0, 0, -0.23412412, 0.9722067, 0, -0.9722067, -0.23412412, -0.96351624, 0, 0)
light_color = Color(0.7490196, 0.9843137, 0, 1)

[node name="Poly_3F_OverBallRoom" type="CSGPolygon3D" parent="CSGCombiner3D"]
transform = Transform3D(1, 0, 0, 0, -4.371139e-08, -1, 0, 1, -4.371139e-08, 15.9, 9.49371, 0)
polygon = PackedVector2Array(8, -25, 8, 25, 16, 25, 25, 16, 25, -16, 16, -25)
depth = 5.0
material = ExtResource("1_ex4vp")

[node name="OmniLight3D" type="OmniLight3D" parent="CSGCombiner3D/Poly_3F_OverBallRoom"]
transform = Transform3D(1, 0, 0, 0, 1, 0, 0, 0, 1, 16.390558, 1.3715993e-07, 3.1378536)
light_color = Color(1, 1, 0.8627451, 1)
shadow_enabled = true
omni_range = 23.108

[node name="Cut_2F_Ballroom" type="CSGPolygon3D" parent="CSGCombiner3D"]
transform = Transform3D(1, 0, 0, 0, -4.371139e-08, -1, 0, 1, -4.371139e-08, 14.9, 4.9937096, 0)
operation = 2
polygon = PackedVector2Array(8.228909, -24.698772, 8.2591305, 24.777733, 15.959835, 24.754326, 24.774546, 15.864185, 24.71797, -15.90199, 15.906208, -24.628553)
depth = 4.5
material = ExtResource("1_ex4vp")

[node name="Cut_1f2F_Ballroom" type="CSGBox3D" parent="CSGCombiner3D"]
transform = Transform3D(1, 0, 0, 0, 1, 0, 0, 0, 1, 32.806324, 4.425496, 0.09999943)
operation = 2
size = Vector3(13.588476, 4.5, 19.800001)
material = ExtResource("1_ex4vp")

[node name="Cut_Door3" type="CSGBox3D" parent="CSGCombiner3D"]
transform = Transform3D(1, 0, 0, 0, 1, 0, 0, 0, 1, 22.875982, 6.5, 17.167683)
operation = 2
size = Vector3(1, 3, 2)
material = ExtResource("1_ex4vp")

[node name="Cut_Door7" type="CSGBox3D" parent="CSGCombiner3D"]
transform = Transform3D(-4.371139e-08, 0, 1, 0, 1, 0, -1, 0, -4.371139e-08, 13.750263, 11.5, 10.225063)
operation = 2
size = Vector3(1, 3, 2)
material = ExtResource("1_ex4vp")

[node name="Cut_Door8" type="CSGBox3D" parent="CSGCombiner3D"]
transform = Transform3D(-4.371139e-08, 0, 1, 0, 1, 0, -1, 0, -4.371139e-08, 20.280949, 11.5, -10.170212)
operation = 2
size = Vector3(1, 3, 2)
material = ExtResource("1_ex4vp")

[node name="Cut_Door9" type="CSGBox3D" parent="CSGCombiner3D"]
transform = Transform3D(1, 0, 0, 0, 1, 0, 0, 0, 1, 14.7888565, 11.5, -16.298464)
operation = 2
size = Vector3(1, 3, 2)
material = ExtResource("1_ex4vp")

[node name="Cut_Door5" type="CSGBox3D" parent="CSGCombiner3D"]
transform = Transform3D(1, 0, 0, 0, 1, 0, 0, 0, 1, -0.98712826, 6.5, 17.167683)
operation = 2
size = Vector3(1, 3, 2)
material = ExtResource("1_ex4vp")

[node name="Walkway_Foyer" type="CSGBox3D" parent="CSGCombiner3D"]
transform = Transform3D(1, 0, 0, 0, 1, 0, 0, 0, 1, 5.959385, 4.6513095, 0.083156586)
size = Vector3(4.101074, 0.6856079, 19.924438)
material = ExtResource("1_ex4vp")

[node name="OmniLight3D" type="OmniLight3D" parent="CSGCombiner3D/Walkway_Foyer"]
transform = Transform3D(1, 0, 0, 0, 1, 0, 0, 0, 1, 0, -0.79999995, -5.111366)
light_color = Color(1, 1, 0.8666667, 1)
shadow_enabled = true
omni_attenuation = 1.619

[node name="OmniLight3D2" type="OmniLight3D" parent="CSGCombiner3D/Walkway_Foyer"]
transform = Transform3D(1, 0, 0, 0, 1, 0, 0, 0, 1, 0, -0.79999995, 5.0635934)
light_color = Color(1, 1, 0.8666667, 1)
shadow_enabled = true
omni_attenuation = 1.777

[node name="Dome_Foyer" type="CSGSphere3D" parent="CSGCombiner3D"]
transform = Transform3D(1, 0, 0, 0, 1, 0, 0, 0, 1, -0.76655245, 9.4, 0)
operation = 2
radius = 4.7716084

[node name="OmniLight3D" type="OmniLight3D" parent="CSGCombiner3D/Dome_Foyer"]
light_color = Color(0.88235295, 1, 1, 1)
omni_range = 11.521858

[node name="Mansion_Fascia" parent="." instance=ExtResource("2_6bgwg")]
transform = Transform3D(-4.371139e-08, 0, -1, 0, 1, 0, 1, 0, -4.371139e-08, -8.023573, 7.5, 0.009928942)

[node name="Player" parent="." instance=ExtResource("3_g4t3k")]
transform = Transform3D(0.16804203, 0, -0.9857798, 0, 1, 0, 0.9857798, 0, 0.16804203, -176.54996, -0.06333208, -312.1623)

[node name="Enemies" type="Node" parent="."]

[node name="Sheperd" parent="Enemies" instance=ExtResource("4_oe4ec")]
transform = Transform3D(1, 0, 0, 0, 1, 0, 0, 0, 1, 32.200413, 0.29306817, 0.9394284)

[node name="PatrolPoints" type="Node" parent="Enemies/Sheperd"]

[node name="Point1" type="Marker3D" parent="Enemies/Sheperd/PatrolPoints"]
transform = Transform3D(1, 0, 0, 0, 1, 0, 0, 0, 1, 37.342274, 0.29306817, 0.9394284)

[node name="Point2" type="Marker3D" parent="Enemies/Sheperd/PatrolPoints"]
transform = Transform3D(1, 0, 0, 0, 1, 0, 0, 0, 1, 22.946669, 0.29306817, 4.2513933)

[node name="Point3" type="Marker3D" parent="Enemies/Sheperd/PatrolPoints"]
transform = Transform3D(1, 0, 0, 0, 1, 0, 0, 0, 1, 22.946669, 0.29306817, -5.6386294)

[node name="Point4" type="Marker3D" parent="Enemies/Sheperd/PatrolPoints"]
transform = Transform3D(1, 0, 0, 0, 1, 0, 0, 0, 1, 28.63392, 0.29306817, -11.3466015)

[node name="Sheperd2" parent="Enemies" instance=ExtResource("4_oe4ec")]
transform = Transform3D(1, 0, 0, 0, 1, 0, 0, 0, 1, -54.573154, -2.9529388, 0.9394284)

[node name="PatrolPoints" type="Node" parent="Enemies/Sheperd2"]

[node name="Point1" type="Marker3D" parent="Enemies/Sheperd2/PatrolPoints"]
transform = Transform3D(1, 0, 0, 0, 1, 0, 0, 0, 1, -47.03066, -2.9529388, -10.599692)

[node name="Point2" type="Marker3D" parent="Enemies/Sheperd2/PatrolPoints"]
transform = Transform3D(1, 0, 0, 0, 1, 0, 0, 0, 1, -54.573154, -1.757328, 8.93985)

[node name="Point3" type="Marker3D" parent="Enemies/Sheperd2/PatrolPoints"]
transform = Transform3D(1, 0, 0, 0, 1, 0, 0, 0, 1, -54.573154, -2.119896, -17.280046)

[node name="Point4" type="Marker3D" parent="Enemies/Sheperd2/PatrolPoints"]
transform = Transform3D(1, 0, 0, 0, 1, 0, 0, 0, 1, -65.0116, -2.2571697, 18.37994)

[node name="Sheperd3" parent="Enemies" instance=ExtResource("4_oe4ec")]
transform = Transform3D(1, 0, 0, 0, 1, 0, 0, 0, 1, -24.789236, -1.8320968, 15.998379)

[node name="PatrolPoints" type="Node" parent="Enemies/Sheperd3"]

[node name="Point1" type="Marker3D" parent="Enemies/Sheperd3/PatrolPoints"]
transform = Transform3D(1, 0, 0, 0, 1, 0, 0, 0, 1, -24.789236, -0.5639372, -13.926237)

[node name="Point2" type="Marker3D" parent="Enemies/Sheperd3/PatrolPoints"]
transform = Transform3D(1, 0, 0, 0, 1, 0, 0, 0, 1, -26.628452, -0.99727106, 25.230106)

[node name="Point3" type="Marker3D" parent="Enemies/Sheperd3/PatrolPoints"]
transform = Transform3D(1, 0, 0, 0, 1, 0, 0, 0, 1, -34.769585, -2.30329, 0.19035149)

[node name="Goober" parent="Enemies" instance=ExtResource("7_ft7tv")]
transform = Transform3D(-0.99463445, 0, -0.10345231, 0, 1, 0, 0.10345231, 0, -0.99463445, 28.482857, 5.169353, -12.410345)

[node name="PatrolPoints" type="Node" parent="Enemies/Goober"]

[node name="Point1" type="Marker3D" parent="Enemies/Goober/PatrolPoints"]
transform = Transform3D(1, 0, 0, 0, 1, 0, 0, 0, 1, 22.320898, 5.511669, -17.840631)

[node name="Point2" type="Marker3D" parent="Enemies/Goober/PatrolPoints"]
transform = Transform3D(1, 0, 0, 0, 1, 0, 0, 0, 1, 22.320898, 5.380348, -12.684015)

[node name="Point3" type="Marker3D" parent="Enemies/Goober/PatrolPoints"]
transform = Transform3D(1, 0, 0, 0, 1, 0, 0, 0, 1, 33.288086, 5.747633, -12.684015)

[node name="Goober2" parent="Enemies" instance=ExtResource("7_ft7tv")]
transform = Transform3D(-0.50000006, 0, 0.8660254, 0, 1, 0, -0.8660254, 0, -0.50000006, 11.943313, 5.0356402, 22.58925)

[node name="PatrolPoints" type="Node" parent="Enemies/Goober2"]

[node name="Goober3" parent="Enemies" instance=ExtResource("7_ft7tv")]
transform = Transform3D(-0.009860995, 0, 0.99995136, 0, 1, 0, -0.99995136, 0, -0.009860995, -4.547445, 0.023760974, -5.807967)

[node name="PatrolPoints" type="Node" parent="Enemies/Goober3"]

[node name="Point1" type="Marker3D" parent="Enemies/Goober3/PatrolPoints"]
transform = Transform3D(1, 0, 0, 0, 1, 0, 0, 0, 1, 3.7004104, 0.420456, -5.807967)

[node name="Point2" type="Marker3D" parent="Enemies/Goober3/PatrolPoints"]
transform = Transform3D(1, 0, 0, 0, 1, 0, 0, 0, 1, 3.7004104, 0.1675775, 7.046095)

[node name="Point3" type="Marker3D" parent="Enemies/Goober3/PatrolPoints"]
transform = Transform3D(1, 0, 0, 0, 1, 0, 0, 0, 1, -4.4520135, 0.07580966, 7.046095)

[node name="Point4" type="Marker3D" parent="Enemies/Goober3/PatrolPoints"]
transform = Transform3D(1, 0, 0, 0, 1, 0, 0, 0, 1, -4.4520135, 0.06873727, -4.6407347)

[node name="Pickups" type="Node" parent="."]

[node name="Siphon" parent="Pickups" instance=ExtResource("11_fhv2o")]
transform = Transform3D(0.10043919, -0.23794682, 0.96607095, -0.99461836, 0.00080468523, 0.10360533, -0.025429945, -0.97127795, -0.23658544, 15.140634, 5.165506, 1.0639904)

[node name="Tome" parent="Pickups" instance=ExtResource("8_xte7d")]
transform = Transform3D(-4.371138e-08, 0, -1, 0.5904789, 0.8070531, -2.5810653e-08, 0.8070531, -0.5904789, -3.5277413e-08, 10.680743, 0.90187216, 23.980993)

[node name="SoulJar" parent="Pickups" instance=ExtResource("9_ft7tv")]
transform = Transform3D(1, 0, 0, 0, 1, 0, 0, 0, 1, 3.6245997, 4.9937096, 17.080877)

[node name="GrapplePoint" parent="." instance=ExtResource("6_3wlf8")]
transform = Transform3D(2.9802322e-08, 0, 1, -8.742278e-08, -1, 2.6054018e-15, 1, -8.742278e-08, -2.9802322e-08, 25.380096, 9.508723, 1.3094578)

[node name="Outside" type="Node" parent="."]

[node name="CSGCombiner3D" type="CSGCombiner3D" parent="Outside"]
use_collision = true

[node name="CSGBox3D" type="CSGBox3D" parent="Outside/CSGCombiner3D"]
transform = Transform3D(1, 0, 0, 0, 1, 0, 0, 0, 1, 60.64128, -3.5637465, -4.1775284)
material_override = SubResource("StandardMaterial3D_hq2al")
material_overlay = SubResource("StandardMaterial3D_hq2al")
use_collision = true
size = Vector3(372.8237, 1, 445.6402)
material = SubResource("StandardMaterial3D_hq2al")

[node name="CSGSphere3D3" type="CSGSphere3D" parent="Outside/CSGCombiner3D"]
transform = Transform3D(1.535, 0, 0, 0, 1, 0, 0, 0, 2.175, -45.725822, -27.22451, 34.925087)
material_override = ExtResource("1_hq2al")
use_collision = true
radius = 29.040089
radial_segments = 30
rings = 10
material = SubResource("StandardMaterial3D_hq2al")

[node name="CSGSphere3D6" type="CSGSphere3D" parent="Outside/CSGCombiner3D"]
transform = Transform3D(1.535, 0, 0, 0, 1, 0, 0, 0, 2.175, 48.344414, -23.079182, 55.905422)
use_collision = true
radius = 29.040089
radial_segments = 30
rings = 10
material = SubResource("StandardMaterial3D_hq2al")

[node name="CSGSphere3D7" type="CSGSphere3D" parent="Outside/CSGCombiner3D"]
transform = Transform3D(1.535, 0, 0, 0, 1, 0, 0, 0, 2.175, 39.56472, -19.940447, -77.08623)
use_collision = true
radius = 29.040089
radial_segments = 30
rings = 10
material = SubResource("StandardMaterial3D_hq2al")

[node name="CSGSphere3D8" type="CSGSphere3D" parent="Outside/CSGCombiner3D"]
transform = Transform3D(1.535, 0, 0, 0, 1, 0, 0, 0, 2.175, 16.162155, -19.940447, -113.155075)
use_collision = true
radius = 29.040089
radial_segments = 30
rings = 10
material = SubResource("StandardMaterial3D_hq2al")

[node name="CSGSphere3D5" type="CSGSphere3D" parent="Outside/CSGCombiner3D"]
transform = Transform3D(1.535, 0, 0, 0, 1, 0, 0, 0, 2.175, -13.459951, -29.556622, -1.2294941)
use_collision = true
radius = 29.040089
radial_segments = 30
rings = 10
material = SubResource("StandardMaterial3D_hq2al")

[node name="CSGSphere3D4" type="CSGSphere3D" parent="Outside/CSGCombiner3D"]
transform = Transform3D(1.535, 0, 0, 0, 1, 0, 0, 0, 2.175, -45.791924, -28.844578, -42.99012)
material_override = SubResource("StandardMaterial3D_6bgwg")
use_collision = true
radius = 29.040089
radial_segments = 30
rings = 10
material = SubResource("StandardMaterial3D_hq2al")

[node name="GrappleTreeDead" parent="Outside/CSGCombiner3D" instance=ExtResource("7_5nl0r")]
transform = Transform3D(0.25426772, 0, -1.9837712, 0, 2, 0, 1.9837712, 0, 0.25426772, -82.97508, -3.063746, 49.442078)

[node name="Fence" type="Node" parent="Outside"]

[node name="Fence2" parent="Outside/Fence" instance=ExtResource("8_hrd6m")]
transform = Transform3D(-4.371139e-08, 0, 1, 0, 1, 0, -1, 0, -4.371139e-08, -74.89432, -3.02458, -0.6337218)

[node name="Fence4" parent="Outside/Fence" instance=ExtResource("8_hrd6m")]
transform = Transform3D(-4.371139e-08, 0, 1, 0, 1, 0, -1, 0, -4.371139e-08, -74.89432, -3.02458, -3.8409767)

[node name="Fence5" parent="Outside/Fence" instance=ExtResource("8_hrd6m")]
transform = Transform3D(-4.371139e-08, 0, 1, 0, 1, 0, -1, 0, -4.371139e-08, -74.89432, -3.02458, -7.0436335)

[node name="Fence3" parent="Outside/Fence" instance=ExtResource("8_hrd6m")]
transform = Transform3D(-4.371139e-08, 0, 1, 0, 1, 0, -1, 0, -4.371139e-08, -74.89432, -3.02458, 2.686676)

[node name="Fence6" parent="Outside/Fence" instance=ExtResource("8_hrd6m")]
transform = Transform3D(-4.371139e-08, 0, 1, 0, 1, 0, -1, 0, -4.371139e-08, -74.89432, -3.02458, -13.605869)

[node name="Fence7" parent="Outside/Fence" instance=ExtResource("8_hrd6m")]
transform = Transform3D(-4.371139e-08, 0, 1, 0, 1, 0, -1, 0, -4.371139e-08, -74.89432, -3.02458, -16.813124)

[node name="Fence8" parent="Outside/Fence" instance=ExtResource("8_hrd6m")]
transform = Transform3D(-4.371139e-08, 0, 1, 0, 1, 0, -1, 0, -4.371139e-08, -74.89432, -3.02458, -20.015781)

[node name="Fence9" parent="Outside/Fence" instance=ExtResource("8_hrd6m")]
transform = Transform3D(-4.371139e-08, 0, 1, 0, 1, 0, -1, 0, -4.371139e-08, -74.89432, -3.02458, -10.285471)

[node name="Fence10" parent="Outside/Fence" instance=ExtResource("8_hrd6m")]
transform = Transform3D(0.3245778, 0, 0.945859, 0, 1, 0, -0.945859, 0, 0.3245778, -73.29177, -3.02458, -26.014805)

[node name="Fence11" parent="Outside/Fence" instance=ExtResource("8_hrd6m")]
transform = Transform3D(0.3245778, 0, 0.945859, 0, 1, 0, -0.945859, 0, 0.3245778, -72.25077, -3.02458, -29.048414)

[node name="Fence12" parent="Outside/Fence" instance=ExtResource("8_hrd6m")]
transform = Transform3D(0.3245778, 0, 0.945859, 0, 1, 0, -0.945859, 0, 0.3245778, -71.211266, -3.02458, -32.077675)

[node name="Fence13" parent="Outside/Fence" instance=ExtResource("8_hrd6m")]
transform = Transform3D(0.3245778, 0, 0.945859, 0, 1, 0, -0.945859, 0, 0.3245778, -74.3695, -3.02458, -22.874176)

[node name="Fence14" parent="Outside/Fence" instance=ExtResource("8_hrd6m")]
transform = Transform3D(0.3245778, 0, 0.945859, 0, 1, 0, -0.945859, 0, 0.3245778, -69.08131, -3.02458, -38.284626)

[node name="Fence15" parent="Outside/Fence" instance=ExtResource("8_hrd6m")]
transform = Transform3D(0.3245778, 0, 0.945859, 0, 1, 0, -0.945859, 0, 0.3245778, -68.040306, -3.02458, -41.318233)

[node name="Fence16" parent="Outside/Fence" instance=ExtResource("8_hrd6m")]
transform = Transform3D(0.3245778, 0, 0.945859, 0, 1, 0, -0.945859, 0, 0.3245778, -67.000786, -3.02458, -44.3475)

[node name="Fence17" parent="Outside/Fence" instance=ExtResource("8_hrd6m")]
transform = Transform3D(0.3245778, 0, 0.945859, 0, 1, 0, -0.945859, 0, 0.3245778, -70.159035, -3.02458, -35.143997)

[node name="Fence18" parent="Outside/Fence" instance=ExtResource("8_hrd6m")]
transform = Transform3D(0.5699394, 0, 0.8216868, 0, 1, 0, -0.8216868, 0, 0.5699394, -63.642616, -3.02458, -50.094017)

[node name="Fence19" parent="Outside/Fence" instance=ExtResource("8_hrd6m")]
transform = Transform3D(0.5699394, 0, 0.8216868, 0, 1, 0, -0.8216868, 0, 0.5699394, -61.814682, -3.02458, -52.729374)

[node name="Fence20" parent="Outside/Fence" instance=ExtResource("8_hrd6m")]
transform = Transform3D(0.5699394, 0, 0.8216868, 0, 1, 0, -0.8216868, 0, 0.5699394, -59.98937, -3.02458, -55.36096)

[node name="Fence21" parent="Outside/Fence" instance=ExtResource("8_hrd6m")]
transform = Transform3D(0.5699394, 0, 0.8216868, 0, 1, 0, -0.8216868, 0, 0.5699394, -65.53505, -3.02458, -47.36569)

[node name="Fence22" parent="Outside/Fence" instance=ExtResource("8_hrd6m")]
transform = Transform3D(0.5699394, 0, 0.8216868, 0, 1, 0, -0.8216868, 0, 0.5699394, -56.24929, -3.02458, -60.75306)

[node name="Fence23" parent="Outside/Fence" instance=ExtResource("8_hrd6m")]
transform = Transform3D(0.5699394, 0, 0.8216868, 0, 1, 0, -0.8216868, 0, 0.5699394, -54.421352, -3.02458, -63.388416)

[node name="Fence24" parent="Outside/Fence" instance=ExtResource("8_hrd6m")]
transform = Transform3D(0.5699394, 0, 0.8216868, 0, 1, 0, -0.8216868, 0, 0.5699394, -52.596024, -3.02458, -66.020004)

[node name="Fence25" parent="Outside/Fence" instance=ExtResource("8_hrd6m")]
transform = Transform3D(0.5699394, 0, 0.8216868, 0, 1, 0, -0.8216868, 0, 0.5699394, -58.141716, -3.02458, -58.024734)

[node name="Fence26" parent="Outside/Fence" instance=ExtResource("8_hrd6m")]
transform = Transform3D(0.99587494, 0, 0.090736955, 0, 1, 0, -0.090736955, 0, 0.99587494, -46.81977, -3.02458, -67.94148)

[node name="Fence27" parent="Outside/Fence" instance=ExtResource("8_hrd6m")]
transform = Transform3D(0.99587494, 0, 0.090736955, 0, 1, 0, -0.090736955, 0, 0.99587494, -43.62575, -3.02458, -68.2325)

[node name="Fence28" parent="Outside/Fence" instance=ExtResource("8_hrd6m")]
transform = Transform3D(0.99587494, 0, 0.090736955, 0, 1, 0, -0.090736955, 0, 0.99587494, -40.43631, -3.02458, -68.52311)

[node name="Fence29" parent="Outside/Fence" instance=ExtResource("8_hrd6m")]
transform = Transform3D(0.99587494, 0, 0.090736955, 0, 1, 0, -0.090736955, 0, 0.99587494, -50.12648, -3.02458, -67.640205)

[node name="Fence30" parent="Outside/Fence" instance=ExtResource("8_hrd6m")]
transform = Transform3D(0.99587494, 0, 0.090736955, 0, 1, 0, -0.090736955, 0, 0.99587494, -33.901142, -3.02458, -69.118546)

[node name="Fence31" parent="Outside/Fence" instance=ExtResource("8_hrd6m")]
transform = Transform3D(0.99587494, 0, 0.090736955, 0, 1, 0, -0.090736955, 0, 0.99587494, -30.707123, -3.02458, -69.40956)

[node name="Fence32" parent="Outside/Fence" instance=ExtResource("8_hrd6m")]
transform = Transform3D(0.99587494, 0, 0.090736955, 0, 1, 0, -0.090736955, 0, 0.99587494, -27.517662, -3.02458, -69.700165)

[node name="Fence33" parent="Outside/Fence" instance=ExtResource("8_hrd6m")]
transform = Transform3D(0.99587494, 0, 0.090736955, 0, 1, 0, -0.090736955, 0, 0.99587494, -37.20784, -3.02458, -68.81726)

[node name="Fence34" parent="Outside/Fence" instance=ExtResource("8_hrd6m")]
transform = Transform3D(0.94140583, 0, -0.33727592, 0, 1, 0, 0.33727592, 0, 0.94140583, -21.884981, -3.02458, -68.42398)

[node name="Fence35" parent="Outside/Fence" instance=ExtResource("8_hrd6m")]
transform = Transform3D(0.94140583, 0, -0.33727592, 0, 1, 0, 0.33727592, 0, 0.94140583, -18.865658, -3.02458, -67.34224)

[node name="Fence36" parent="Outside/Fence" instance=ExtResource("8_hrd6m")]
transform = Transform3D(0.94140583, 0, -0.33727592, 0, 1, 0, 0.33727592, 0, 0.94140583, -15.850656, -3.02458, -66.262085)

[node name="Fence37" parent="Outside/Fence" instance=ExtResource("8_hrd6m")]
transform = Transform3D(0.94140583, 0, -0.33727592, 0, 1, 0, 0.33727592, 0, 0.94140583, -25.010826, -3.02458, -69.54387)

[node name="Fence38" parent="Outside/Fence" instance=ExtResource("8_hrd6m")]
transform = Transform3D(0.94140583, 0, -0.33727592, 0, 1, 0, 0.33727592, 0, 0.94140583, -9.672928, -3.02458, -64.0488)

[node name="Fence39" parent="Outside/Fence" instance=ExtResource("8_hrd6m")]
transform = Transform3D(0.94140583, 0, -0.33727592, 0, 1, 0, 0.33727592, 0, 0.94140583, -6.653604, -3.02458, -62.967068)

[node name="Fence40" parent="Outside/Fence" instance=ExtResource("8_hrd6m")]
transform = Transform3D(0.94140583, 0, -0.33727592, 0, 1, 0, 0.33727592, 0, 0.94140583, -3.638589, -3.02458, -61.886883)

[node name="Fence41" parent="Outside/Fence" instance=ExtResource("8_hrd6m")]
transform = Transform3D(0.94140583, 0, -0.33727592, 0, 1, 0, 0.33727592, 0, 0.94140583, -12.798767, -3.02458, -65.168686)

[node name="Fence42" parent="Outside/Fence" instance=ExtResource("8_hrd6m")]
transform = Transform3D(0.42241263, 0, -0.90640366, 0, 1, 0, 0.90640366, 0, 0.42241263, 0.31312847, -3.02458, -57.168766)

[node name="Fence43" parent="Outside/Fence" instance=ExtResource("8_hrd6m")]
transform = Transform3D(0.42241263, 0, -0.90640366, 0, 1, 0, 0.90640366, 0, 0.42241263, 1.6679039, -3.02458, -54.2617)

[node name="Fence44" parent="Outside/Fence" instance=ExtResource("8_hrd6m")]
transform = Transform3D(0.42241263, 0, -0.90640366, 0, 1, 0, 0.90640366, 0, 0.42241263, 3.0207663, -3.02458, -51.358814)

[node name="Fence45" parent="Outside/Fence" instance=ExtResource("8_hrd6m")]
transform = Transform3D(0.42241263, 0, -0.90640366, 0, 1, 0, 0.90640366, 0, 0.42241263, -1.0894527, -3.02458, -60.178387)

[node name="Fence46" parent="Outside/Fence" instance=ExtResource("8_hrd6m")]
transform = Transform3D(0.42241263, 0, -0.90640366, 0, 1, 0, 0.90640366, 0, 0.42241263, 5.792736, -3.02458, -45.410778)

[node name="Fence47" parent="Outside/Fence" instance=ExtResource("8_hrd6m")]
transform = Transform3D(0.42241263, 0, -0.90640366, 0, 1, 0, 0.90640366, 0, 0.42241263, 7.147518, -3.02458, -42.50371)

[node name="Fence48" parent="Outside/Fence" instance=ExtResource("8_hrd6m")]
transform = Transform3D(0.42241263, 0, -0.90640366, 0, 1, 0, 0.90640366, 0, 0.42241263, 8.500366, -3.02458, -39.6008)

[node name="Fence50" parent="Outside/Fence" instance=ExtResource("8_hrd6m")]
transform = Transform3D(0.064358175, 0, -0.99792683, 0, 1, 0, 0.99792683, 0, 0.064358175, 9.306867, -3.02458, -36.77277)

[node name="Fence51" parent="Outside/Fence" instance=ExtResource("8_hrd6m")]
